121
232
237
238
242
245
250
257
260
269
496
516
594
727
738
746
751
773
988
998
1269
1667
1744
1757
1759
1825
2078
2208
2225
2236
2315
2428
2475
2532
2755
2764
2920
2936
3008
3063
3065
3224
3230
3232
3234
3248
3251
3255
3263
3264
3265
3266
3268
3362
3428
3528
3541
3546
3554
3557
3570
3635
3727
3736
3738
3743
3745
3746
3750
3751
3752
3761
3762
3764
3770
3771
3773
3776
3779
3918
4100
4148
4219
4241
4245
4249
4251
4257
4258
4269
4271
4416
4644
4751
4760
4766
4774
4790
4891
4972
5096
5184
5209
5227
5234
5249
5265
5458
5492
5640
5784
5815
5876
5961
6013
6061
6209
6216
6233
6394
6528
6547
6715
6738
6770
6775
6785
6789
6946
7050
7087
7227
7228
7229
7239
7246
7253
7261
7268
7278
7280
7363
7458
7559
7586
7624
7729
7740
7743
7748
7753
7756
7765
7767
7887
7966
7987
7989
8130
8234
8237
8240
8241
8242
8244
8245
8251
8253
8258
8259
8261
8270
8274
8359
8549
8728
8754
8786
9189
9212
9231
9251
9276
9309
9402
9424
9550
9691
9728
9743
9744
9762
9784
9787
9826
9846
9861
9970
10124
10203
10209
10226
10227
10250
10251
10282
10543
10732
10734
10751
10755
10756
10757
10769
10772
10781
10782
10786
10864
10875
10952
11059
11148
11237
11241
11242
11246
11247
11254
11255
11259
11262
11263
11277
11361
11398
11419
11437
11438
11460
11472
11487
11656
11721
11722
11729
11733
11734
11735
11738
11740
11742
11745
11750
11752
11754
11758
11759
11762
11766
11769
11773
11963
12237
12240
12243
12244
12246
12252
12254
12260
12261
12264
12268
12273
12725
12755
12757
12768
12897
12976
13023
13057
13166
13169
13207
13248
13254
13265
13306
13331
13350
13733
13755
13793
13990
14024
14246
14248
14293
14301
14411
14445
14735
14741
14746
14749
14772
15114
15218
15223
15235
15242
15243
15256
15258
15264
15366
15400
15489
15614
15638
15726
15734
15737
15739
15740
15743
15748
15751
15752
15756
15757
15762
15763
15768
15769
15770
16220
16241
16242
16244
16245
16246
16257
16262
16265
16281
16366
16371
16555
16740
16746
16767
16874
17022
17078
17144
17240
17243
17244
17348
17412
17445
17586
17654
17711
17778
17798
18030
18048
18241
18277
18291
18440
18484
18486
18614
18720
18746
18752
18758
18762
18765
18776
18985
19129
19137
19222
19225
19232
19249
19258
19261
19264
19265
19267
19268
19362
19735
19736
19737
19739
19740
19742
19743
19745
19746
19753
19760
19761
19902
19905
19963
19986
20231
20242
20243
20245
20256
20257
20260
20264
20403
20622
20631
20729
20732
20747
20751
20754
20755
20767
20899
21212
21226
21251
21281
21299
21443
21463
21710
21816
21858
22061
22191
22216
22262
22410
22473
22740
22741
22757
22762
22780
22856
22900
23034
23080
23134
23148
23222
23225
23231
23240
23243
23245
23246
23261
23263
23265
23269
23276
23396
23506
23525
23637
23719
23726
23727
23729
23737
23739
23743
23747
23750
23753
23755
23757
23762
23766
23768
23887
23970
24225
24236
24238
24241
24245
24246
24249
24251
24256
24264
24376
24546
24627
24737
24741
24746
24751
24762
24916
25181
25186
25196
25265
25283
25314
25359
25690
25730
25799
25967
26012
26201
26264
26279
26300
26307
26535
26576
26596
26715
26738
26741
26748
26750
26766
26770
26790
26891
26901
26905
27020
27042
27227
27233
27239
27253
27255
27269
27271
27281
27365
27470
27515
27530
27643
27732
27752
27753
27759
27760
27762
27773
27849
27932
28026
28040
28079
28092
28235
28238
28252
28257
28261
28264
28267
28272
28383
28398
28468
28582
28583
28592
28744
28754
28769
28785
28904
28959
29033
29152
29267
29278
29323
29444
29540
29680
29755
29786
29926
30035
30060
30117
30213
30227
30232
30548
30721
30733
30750
30773
30893
30896
30908
31094
31131
31235
31236
31243
31244
31251
31262
31265
31267
31275
31281
31362
31500
31726
31734
31746
31747
31750
31757
31762
31770
31771
31902
31920
31962
32028
32145
32238
32239
32244
32245
32247
32252
32255
32257
32258
32260
32262
32266
32273
32277
32392
32604
32606
32715
32733
32743
32750
32765
32767
32773
32983
33006
33216
33218
33283
33529
33655
33724
33726
33776
33784
33797
33888
34207
34255
34264
34328
34391
34738
34742
34745
34750
34766
34779
34876
35044
35099
35226
35236
35238
35244
35247
35249
35254
35255
35257
35564
35739
35741
35742
35744
35749
35750
35756
35759
35761
35762
35763
35766
35768
35773
35780
35859
35864
36234
36239
36241
36245
36247
36251
36253
36257
36258
36260
36262
36263
36264
36272
36278
36482
36489
36506
36512
36586
36721
36727
36733
36745
36754
36875
36988
37062
37192
37208
37213
37221
37239
37256
37263
37304
37316
37353
37604
37715
37732
37735
37794
37921
37973
38225
38230
38236
38283
38384
38411
38454
38455
38493
38734
38749
38763
38797
39070
39215
39228
39237
39244
39250
39256
39264
39265
39425
39528
39549
39612
39632
39637
39724
39730
39731
39732
39733
39736
39740
39741
39742
39745
39749
39751
39760
39761
39764
39774
39860
39886
