12
170
183
185
193
202
208
282
451
707
709
718
719
726
728
729
731
732
893
910
975
1023
1249
1261
1268
1389
1501
1504
1512
1651
1768
1932
2108
2119
2269
2333
2397
2489
2521
2744
2800
2824
2887
2906
3116
3214
3276
3287
3301
3327
3328
3358
3790
3830
3900
3989
4191
4192
4543
4590
4626
4704
4709
4716
4717
4719
4729
4806
5038
5117
5156
5244
5246
5249
5343
5364
5423
5477
5483
5779
5783
5792
5798
5856
5889
5894
6065
6096
6305
6309
6327
6351
6389
6419
6487
6518
6519
6589
6812
6813
6835
6845
7297
7306
7324
7339
7344
7350
7369
7480
7573
7734
7832
7850
7905
8185
8186
8188
8190
8191
8194
8201
8215
8221
8285
8288
8368
8556
8702
8708
8712
8714
8718
8720
8743
8992
9028
9084
9160
9223
9254
9344
9418
9985
9991
10109
10120
10185
10188
10264
10283
10313
10820
10928
11113
11296
11305
11340
11374
11376
11538
11552
11578
11591
11658
11663
11715
11822
11823
11916
11918
11976
11995
12025
12179
12186
12194
12195
12295
12447
12452
12487
12709
12710
12713
12722
12730
12738
12742
12865
12888
13122
13142
13235
13266
13271
13362
13389
13414
13421
13462
13628
13701
13782
13806
14083
14336
14537
14633
14697
14791
14850
14882
14930
14942
15038
15047
15104
15129
15316
15320
15324
15329
15407
15575
15818
15854
16038
16051
16164
16182
16186
16187
16189
16204
16207
16219
16221
16284
16591
16625
16633
16709
16717
16722
16728
16729
16739
16740
16744
16745
16891
17154
17234
17250
17266
17267
17268
17345
17404
17558
17661
17753
17977
18086
18140
18166
18207
18266
18320
18327
18423
18476
18796
18839
18905
18957
18988
19029
19094
19163
19311
19366
19367
19414
19430
19552
19561
19665
19795
19802
19811
19812
19813
19828
19831
19845
19946
20206
20207
20373
20414
20522
20705
20711
20713
20716
20721
20725
20921
20987
21071
21149
21227
21239
21245
21248
21253
21257
21476
21550
21765
21773
21783
21793
21927
22146
22327
22346
22386
22692
22782
22799
22803
22809
22825
22900
23087
23269
23315
23366
23687
23825
23943
24177
24187
24192
24198
24211
24323
24350
24356
24414
24521
24639
24704
24707
24721
24724
24731
24733
24801
24826
25397
25537
25538
25574
25754
25809
26283
26298
26341
26385
26488
26734
26840
26854
26874
26937
26950
27043
27073
27182
27347
27391
27517
27625
27646
27686
27732
27741
27842
27944
27979
28196
28212
28287
28318
28379
28470
28508
28705
28713
28721
28732
28746
28808
28812
28922
29090
29130
29251
29264
29267
29363
29398
29492
29762
29763
29787
30034
30185
30186
30264
30342
30442
30451
30502
30608
30742
30903
30971
31213
31288
31292
31456
31541
31817
31922
31962
32098
32105
32173
32181
32185
32186
32549
32615
32699
32700
32707
32711
32713
32741
32885
32913
33021
33122
33228
33233
33236
33242
33243
33270
33336
33424
33499
33521
33637
33648
33761
33774
33778
33790
33808
34198
34238
34266
34271
34478
34700
34805
34807
34829
34912
34982
34984
35166
35182
35245
35316
35349
35389
35398
35730
35815
35846
35865
35973
36163
36182
36183
36186
36192
36195
36197
36212
36279
36365
36456
36530
36574
36631
36698
36709
36716
36717
36718
36725
36728
36740
36879
36896
36911
37087
37230
37235
37236
37245
37254
37258
37339
37407
37657
37787
37795
37798
37990
38057
38075
38276
38317
38320
38462
38463
38659
38669
38677
38800
38814
38882
38976
39124
39159
39277
39298
39311
39442
39628
39791
39805
39821
39840
