20
542
584
893
938
980
1063
1097
1292
1306
1308
1397
1548
1609
1730
1731
1736
1742
1744
1753
1755
1777
1906
1963
1982
2056
2093
2107
2189
2190
2191
2196
2197
2201
2208
2213
2214
2220
2233
2571
2676
2677
2679
2682
2697
2700
2701
2714
2718
2721
2944
2990
3013
3014
3173
3209
3272
3522
3574
3685
3686
3760
3948
4017
4103
4284
4293
4302
4303
4338
4474
4535
4547
4829
4850
4867
4874
4959
5008
5049
5076
5085
5108
5269
5303
5305
5314
5330
5333
5389
5398
5399
5409
5424
5435
5474
5514
5606
5607
5612
5621
5629
5741
5747
5755
5759
5760
5761
6048
6088
6197
6206
6207
6215
6218
6228
6229
6231
6232
6234
6238
6428
6470
6477
6545
6583
6677
6683
6691
6692
6695
6701
6714
6718
6726
6848
7154
7186
7191
7210
7211
7216
7424
7521
7532
7708
7748
7752
7771
7801
7848
8045
8383
8434
8501
8511
8618
8696
8898
8913
9108
9261
9276
9284
9297
9552
9634
9636
9721
9725
9733
9737
9739
9741
9744
9748
9753
9754
9755
9760
9768
9784
9912
9950
10015
10033
10086
10089
10100
10192
10198
10199
10201
10204
10206
10209
10211
10212
10214
10215
10216
10217
10220
10222
10226
10357
10387
10539
10669
10677
10687
10690
10693
10704
10712
10889
10891
10984
11169
11173
11206
11215
11222
11309
11421
11664
11689
11690
11769
11929
12005
12235
12417
12478
12805
12816
12985
13022
13105
13256
13283
13318
13328
13332
13618
13734
13735
13739
13742
13749
13761
13779
13989
14009
14085
14101
14190
14196
14201
14209
14211
14214
14223
14225
14227
14230
14234
14239
14468
14677
14682
14684
14692
14698
14704
14705
14819
14952
15009
15055
15180
15200
15226
15308
15330
15452
15508
15660
15723
15772
15799
15890
15892
16018
16181
16242
16253
16261
16410
16552
16608
16635
16833
16888
17079
17109
17267
17297
17301
17465
17493
17638
17725
17728
17739
17744
17745
17758
17760
17771
17906
18020
18042
18200
18202
18208
18211
18214
18225
18231
18332
18498
18525
18564
18686
18688
18695
18708
18709
18710
18732
18842
19179
19182
19184
19190
19204
19279
19394
19513
19545
19715
19881
19986
20115
20160
20212
20244
20369
20389
20425
20458
20498
20619
20889
20986
21032
21266
21303
21322
21369
21406
21604
21722
21729
21731
21744
21756
21774
21839
21876
21914
21960
22063
22192
22199
22201
22211
22224
22232
22240
22241
22244
22245
22419
22546
22566
22665
22669
22674
22676
22680
22684
22692
22693
22694
22695
22698
22702
22718
22860
22982
23052
23176
23181
23190
23194
23232
23242
23327
23333
23389
23407
23415
23452
23498
23511
23516
23568
23703
23845
24041
24181
24196
24226
24268
24448
24514
24636
24690
24807
24819
24849
25256
25264
25272
25285
25300
25307
25423
25601
25612
25722
25725
25726
25728
25742
25747
25749
25952
26022
26068
26081
26097
26105
26202
26203
26207
26208
26211
26212
26216
26217
26219
26223
26229
26230
26361
26438
26547
26677
26682
26688
26690
26701
26703
26719
26789
27041
27196
27204
27209
27215
27343
27404
27467
27498
27686
27724
28285
28450
28492
28778
28866
29071
29300
29387
29538
29578
29601
29756
29761
29766
29954
29979
30105
30193
30195
30200
30202
30204
30206
30208
30209
30219
30224
30227
30431
30513
30591
30664
30680
30689
30690
30691
30693
30699
30711
30716
30795
30812
30833
30880
30922
30953
30987
31014
31170
31185
31196
31199
31380
32261
32343
32371
32805
32870
32885
32955
33118
33255
33263
33271
33281
33292
33338
33340
33463
33719
33724
33729
33730
33736
33742
33746
33750
33762
33771
33876
33904
33939
33955
33992
34019
34063
34066
34075
34077
34094
34103
34186
34197
34206
34210
34215
34217
34219
34225
34238
34318
34325
34446
34669
34671
34680
34682
34684
34685
34691
34693
34694
34698
34703
34704
34721
34731
34792
34972
35006
35051
35169
35196
35209
35406
35708
35717
36033
36114
36366
36481
36579
36878
37008
37148
37275
37296
37310
37312
37332
37411
37423
37495
37531
37552
37716
37719
37728
37731
37744
37750
37980
38017
38111
38112
38191
38194
38202
38203
38206
38208
38209
38211
38221
38224
38225
38236
38238
38532
38565
38677
38680
38683
38698
38699
38703
38720
38885
39019
39203
39226
39283
39316
39339
39409
39508
39702
39757
39782
39822
39854
39924
