34
288
406
459
485
550
729
751
821
974
1016
1038
1064
1066
1073
1074
1076
1080
1083
1099
1109
1195
1211
1212
1230
1411
1500
1503
1582
1587
1592
1598
1625
1707
1716
1722
1725
1741
1753
1905
1967
2030
2046
2122
2128
2144
2151
2244
2246
2256
2263
2543
2636
2645
2653
2796
2811
2822
2836
2857
2914
2980
3075
3486
3608
3643
3901
3964
4244
4247
4288
4701
4706
4737
4743
4845
4883
5054
5072
5109
5199
5201
5202
5203
5222
5224
5303
5452
5600
5607
5608
5610
5611
5614
5617
5624
5733
5741
5748
5758
5815
5875
5926
5953
5972
6106
6109
6125
6127
6134
6139
6233
6239
6246
6248
6251
6257
6259
6269
6274
6286
6623
6640
6642
6786
6891
6902
6921
6939
7053
7083
7338
7390
7429
7466
7476
7610
7635
7691
7962
7981
8015
8399
8405
8435
8509
8532
8565
8607
8732
8900
9067
9070
9079
9086
9090
9100
9205
9215
9218
9233
9299
9435
9598
9615
9702
9713
9718
9726
9736
9808
9819
9887
9930
9974
9975
10051
10125
10131
10132
10142
10236
10243
10250
10252
10266
10290
10406
10522
10595
10616
10630
10657
10661
10666
10689
10812
10891
11054
11384
11520
11673
11913
11915
11941
12244
12516
12582
12991
13027
13215
13329
13456
13597
13607
13623
13707
13713
13716
13719
13720
13729
13738
13743
13827
13893
13931
13997
14025
14127
14133
14136
14147
14150
14240
14245
14250
14252
14255
14423
14477
14516
14537
14632
14640
14668
14796
15365
15371
15521
15582
15958
15993
16453
16486
16548
16567
16583
16703
16757
16796
16811
16856
16860
17060
17061
17073
17083
17106
17196
17197
17208
17210
17305
17342
17576
17591
17597
17616
17738
17742
17890
17954
18021
18122
18126
18129
18283
18386
18485
18486
18506
18575
18638
18641
18797
18860
18887
18914
19093
19359
19367
19388
19721
20000
20022
20037
20047
20305
20544
20565
20590
20604
20696
20746
20749
20797
21088
21098
21115
21215
21217
21219
21225
21234
21235
21316
21336
21359
21410
21582
21592
21595
21606
21613
21616
21621
21626
21627
21700
21725
21737
21740
21745
21746
21749
21848
21861
21965
22004
22099
22108
22128
22131
22242
22251
22253
22261
22286
22293
22563
22668
22780
22795
22887
23083
23151
23575
23586
23616
23709
24284
24600
24718
24723
24930
25084
25092
25098
25203
25212
25216
25225
25238
25301
25361
25504
25526
25589
25590
25598
25601
25604
25608
25610
25620
25709
25718
25729
25732
25736
25738
25747
25874
25878
26045
26124
26130
26145
26148
26252
26265
26269
26282
26297
26366
26591
26651
26793
26799
26802
26812
26819
26827
26948
26986
27091
27185
27365
27439
27502
27576
27917
27997
28354
28365
28559
28587
28590
28998
29061
29081
29084
29087
29097
29099
29101
29106
29190
29199
29229
29238
29247
29443
29609
29623
29631
29721
29726
29736
29744
29959
30116
30159
30243
30313
30394
30446
30552
30638
30656
30788
30790
30806
31028
31036
31106
31154
31360
31582
31674
32027
32034
32051
32090
32380
32409
32460
32560
32570
32571
32590
32746
32759
33084
33095
33103
33209
33210
33226
33239
33259
33498
33515
33594
33595
33605
33610
33616
33618
33718
33728
33733
33736
33738
33746
33866
34033
34118
34134
34251
34256
34265
34270
34288
34358
34388
34492
34821
34851
34978
35022
35169
35504
35633
35966
35968
36020
36099
36266
36284
36308
36488
36497
36729
36741
36755
36776
36792
36820
36925
37051
37078
37085
37108
37198
37202
37212
37491
37578
37589
37600
37606
37609
37616
37619
37703
37706
37725
37738
37904
37916
38110
38111
38124
38126
38135
38139
38152
38239
38240
38255
38256
38266
38269
38393
38463
38553
38566
38575
38602
38613
38659
38809
38829
38836
38892
38961
38974
39360
39363
39379
39460
39504
39578
39607
39672
39926
