90
216
221
237
245
271
289
377
446
612
725
745
756
783
969
1132
1232
1236
1254
1267
1442
1571
1603
1685
1715
1765
1768
1769
2020
2069
2073
2266
2280
2294
2414
2470
2478
2608
2737
2738
2742
2747
2755
2758
2761
2766
2770
2781
2948
3008
3025
3130
3146
3239
3246
3248
3249
3250
3251
3255
3258
3261
3267
3363
3377
3517
3549
3620
3721
3735
3741
3743
3744
3748
3756
3767
3771
3779
3850
3859
4059
4083
4114
4246
4279
4287
4673
4749
4820
4944
4974
4993
5005
5189
5207
5233
5234
5266
5492
5551
5585
5600
5686
5714
5751
5793
5802
5890
6073
6215
6225
6241
6243
6244
6256
6262
6422
6724
6727
6735
6736
6743
6748
6753
6755
6757
6760
6764
6772
6936
6974
6976
6988
7034
7140
7223
7229
7230
7233
7238
7244
7245
7247
7248
7249
7262
7263
7264
7267
7365
7500
7506
7740
7742
7744
7745
7754
7755
7769
7782
7897
8024
8028
8059
8225
8238
8248
8250
8252
8257
8264
8589
8615
8736
8743
8751
8795
8869
9083
9090
9092
9183
9209
9240
9282
9285
9289
9358
9479
9492
9516
9775
9812
9824
9981
10212
10262
10266
10267
10275
10276
10417
10436
10725
10726
10728
10731
10732
10733
10736
10739
10765
10766
11054
11227
11238
11240
11241
11255
11257
11258
11261
11264
11272
11445
11500
11635
11740
11741
11743
11747
11749
11752
11753
11771
11887
12001
12224
12231
12251
12257
12269
12274
12277
12370
12391
12399
12530
12760
12773
13012
13129
13220
13232
13257
13349
13423
13432
13749
13755
13769
13792
13960
14091
14119
14230
14249
14253
14402
14439
14485
14497
14512
14610
14728
14729
14743
14745
14751
14773
14901
14911
14990
15024
15055
15089
15114
15148
15232
15236
15240
15243
15248
15250
15251
15254
15259
15270
15272
15273
15394
15433
15590
15632
15724
15739
15742
15745
15747
15751
15756
15764
15765
15767
15768
15878
15912
15977
15996
16055
16126
16127
16226
16234
16259
16272
16285
16518
16749
16786
16788
16946
16970
17171
17174
17181
17247
17287
17291
17292
17310
17311
17338
17520
17591
17710
17716
17720
17743
17747
17755
17852
17902
18051
18074
18119
18223
18239
18241
18246
18282
18492
18545
18625
18722
18726
18729
18732
18741
18742
18745
18747
18748
18750
18751
18755
18766
18770
18874
18925
18967
18968
18969
18983
19226
19238
19242
19250
19252
19253
19257
19258
19262
19267
19273
19349
19352
19369
19399
19526
19617
19717
19726
19736
19754
19755
19763
19764
19765
19769
19773
19854
19994
20096
20100
20243
20245
20263
20266
20458
20658
20669
20722
20748
20757
20759
20787
20813
20816
20837
20871
20893
20912
21017
21175
21219
21437
21511
21599
21636
21645
21669
21698
21740
21758
21764
21786
21979
22011
22109
22254
22382
22395
22504
22533
22722
22727
22729
22739
22744
22747
22748
22749
22750
22752
22757
22764
22965
22987
23075
23236
23238
23241
23249
23250
23254
23258
23261
23263
23265
23271
23275
23470
23471
23551
23647
23722
23733
23734
23738
23744
23749
23753
23755
23773
23777
24037
24221
24244
24252
24261
24262
24266
24277
24384
24421
24431
24642
24696
24698
24705
24733
25131
25270
25342
25704
25712
25737
25755
25763
25904
25915
26023
26251
26262
26276
26293
26387
26445
26446
26719
26721
26723
26726
26731
26739
26743
26744
26746
26751
26779
26780
27105
27152
27227
27230
27232
27235
27237
27238
27240
27248
27249
27250
27255
27258
27259
27264
27268
27360
27538
27552
27631
27639
27724
27734
27746
27749
27750
27752
27753
27756
27757
27762
27768
27772
27777
27887
27913
27976
27987
28113
28219
28223
28231
28234
28267
28285
28464
28544
28699
28721
28729
28742
28820
29230
29241
29285
29428
29456
29465
29497
29518
29604
29722
29860
29950
30058
30258
30260
30288
30392
30426
30481
30495
30531
30538
30594
30727
30736
30751
30759
30767
30921
31112
31227
31231
31237
31238
31243
31244
31245
31247
31248
31250
31254
31256
31263
31271
31431
31562
31731
31736
31740
31741
31751
31752
31764
31766
31767
31768
31770
31776
31856
32127
32227
32235
32239
32247
32252
32262
32281
32366
32657
32755
32769
32857
32981
33019
33227
33315
33339
33449
33464
33475
33670
33894
34135
34206
34228
34239
34248
34252
34258
34259
34261
34267
34403
34427
34481
34499
34725
34730
34740
34745
34746
34758
34759
34771
34777
34778
35083
35142
35232
35233
35238
35242
35246
35247
35248
35252
35254
35255
35256
35257
35258
35259
35261
35263
35264
35277
35420
35485
35740
35742
35743
35758
35773
36084
36086
36215
36253
36267
36528
36674
36712
36812
36946
37081
37185
37205
37218
37226
37243
37418
37497
37562
37608
37713
37759
37996
38003
38216
38223
38258
38532
38572
38719
38737
38738
38743
38747
38748
38753
38764
38766
38767
39041
39150
39233
39235
39237
39240
39242
39243
39248
39249
39256
39258
39260
39261
39598
39723
39733
39739
39750
39752
39754
39756
39771
39778
