58
60
229
318
325
326
338
343
352
516
716
788
804
813
917
1102
1173
1264
1274
1285
1481
1811
1868
1929
2042
2168
2329
2360
2442
2494
2895
3017
3131
3156
3291
3415
3483
3522
3631
3647
3663
4107
4198
4222
4223
4227
4240
4322
4326
4328
4333
4344
4464
4493
4573
4646
4649
4686
4786
4818
4831
5099
5146
5261
5275
5284
5291
5336
5341
5409
5539
5546
5716
5746
5759
6007
6156
6218
6270
6507
6631
7055
7089
7136
7139
7156
7161
7295
7362
7553
7564
7626
7636
7646
7652
7666
7817
8031
8186
8223
8228
8314
8327
8349
8360
8489
8500
8786
8792
8793
8810
9016
9117
9141
9258
9278
9294
9381
9415
9543
9588
9758
10592
10813
11003
11088
11147
11150
11363
11441
11634
11650
11656
11661
11665
11671
11780
11816
11971
12317
12321
12323
12331
12333
12335
12347
12353
12443
12487
12564
12567
12638
12706
12797
12807
12822
12891
13062
13278
13279
13287
13348
13502
13515
13582
13715
13729
13733
13792
13889
13903
14193
14246
14496
14592
14628
14869
14871
14967
14994
15025
15122
15129
15131
15361
15470
15557
15623
15626
15652
15655
15657
15767
15782
15882
16131
16326
16340
16365
16555
16707
16783
16810
16823
16830
16889
16890
16948
17014
17068
17116
17315
17341
17353
17389
17449
17944
18194
18243
18273
18304
18317
18327
18422
18453
18539
18559
18964
19063
19090
19091
19148
19283
19287
19498
19510
19520
19557
19559
19621
19639
19644
19646
19647
19649
19651
19653
19660
19767
19873
19964
20018
20045
20213
20321
20323
20336
20340
20405
20479
20681
20687
20714
20792
20799
20813
20818
20895
20984
21042
21070
21108
21286
21580
21584
21767
21846
22158
22472
22591
22618
22633
22943
22971
23033
23126
23144
23156
23167
23282
23309
23314
23413
23515
23628
23649
23656
23657
23663
23664
23665
23742
23951
23975
24030
24072
24097
24195
24210
24242
24318
24319
24329
24333
24338
24343
24345
24358
24453
24455
24476
24503
24517
24537
24553
24700
24790
24806
24814
24818
24824
24827
25027
25168
25255
25303
25336
25400
25479
25544
25749
25759
25770
25871
26034
26172
26392
26591
26635
26878
26916
26930
27077
27115
27122
27126
27143
27146
27148
27351
27401
27486
27540
27567
27625
27634
27640
27642
27667
27752
27850
27941
27994
28203
28215
28217
28222
28323
28328
28329
28330
28334
28343
28353
28354
28421
28555
28693
28807
28811
28821
28822
28824
28902
28958
29063
29066
29083
29168
29277
29296
29312
29314
29341
29347
29407
29414
29598
29635
29640
29749
29840
29935
29947
30039
30154
30455
30593
30603
30616
30631
30645
30655
30810
30841
31128
31146
31154
31270
31503
31518
31617
31637
31641
31644
31648
31652
31667
31761
31772
31779
31783
31831
31906
32129
32144
32208
32239
32308
32330
32335
32338
32569
32577
32625
32667
32793
32801
32812
32821
32839
32956
33090
33168
33268
33279
33300
33340
33407
33526
33775
33940
34010
34153
34158
34183
34372
34655
34946
35079
35109
35116
35120
35150
35156
35165
35326
35451
35537
35628
35636
35650
35657
35664
35739
35781
35820
35829
36105
36133
36141
36162
36222
36238
36306
36324
36331
36530
36637
36702
36809
36810
36815
36907
36929
37019
37107
37260
37314
37353
37393
37437
37451
37542
37544
37626
37783
37950
37969
38030
38073
38174
38179
38293
38298
38338
38614
38840
38942
38988
39080
39098
39140
39149
39174
39239
39351
39634
39639
39649
39767
39865
39959
