53
94
156
245
258
645
780
786
859
888
939
1064
1151
1201
1367
1381
1387
1494
1550
1650
1884
1969
2003
2174
2201
2329
2353
2369
2376
2644
2687
2699
2712
2788
2797
2799
2803
2805
2808
2810
2811
2815
2818
2823
2826
2837
2918
2933
3163
3167
3269
3270
3288
3301
3305
3308
3313
3314
3739
3759
3769
3770
3780
3843
4018
4060
4161
4197
4201
4232
4305
4547
4558
4774
4842
5003
5143
5383
5388
5547
5609
5701
5730
5911
5936
6005
6030
6327
6328
6330
6346
6347
6350
6351
6352
6354
6362
6364
6365
6366
6368
6382
6470
6602
6621
6699
6803
6806
6809
6810
6812
6813
6816
6829
6832
6834
6905
7097
7100
7141
7152
7269
7277
7279
7284
7287
7294
7295
7573
7599
7739
7748
7751
7758
7787
7923
8075
8128
8300
8490
8537
8566
8637
8667
8739
8962
9111
9161
9375
9403
9457
9691
9879
9896
9898
9901
9944
10088
10124
10327
10333
10337
10349
10351
10566
10628
10699
10700
10706
10798
10810
10814
10816
10821
10825
10826
10955
11134
11257
11258
11272
11291
11301
11312
11412
11425
11499
11520
11585
11738
11746
11747
11789
11857
11863
12009
12067
12248
12304
12559
12679
12760
12883
12894
12985
13114
13343
13385
13393
13404
13414
13417
13485
13548
13657
13876
13882
13902
13912
13957
13967
14036
14217
14332
14333
14336
14339
14345
14347
14351
14356
14359
14366
14374
14554
14614
14684
14686
14687
14698
14720
14798
14799
14805
14810
14817
14818
14819
14833
14838
14901
14927
15146
15158
15281
15287
15293
15313
15532
15549
15584
15737
15755
15769
15781
15895
15951
16072
16102
16117
16177
16179
16185
16242
16440
16523
16769
16803
16823
16924
17107
17124
17371
17400
17433
17527
17717
17726
17727
17730
17751
17859
17865
17897
18042
18099
18188
18220
18330
18335
18337
18341
18351
18355
18363
18465
18563
18704
18796
18800
18801
18810
18812
18813
18814
18820
18832
18833
18835
18836
18917
19011
19174
19252
19279
19282
19292
19295
19297
19301
19304
19307
19384
19401
19456
19726
19730
19737
19765
19989
20195
20201
20466
20479
20567
21054
21120
21224
21236
21372
21373
21376
21411
21437
21530
21600
21610
21614
21660
21689
21861
21880
21888
21912
21922
22044
22091
22212
22349
22356
22365
22367
22373
22450
22464
22476
22490
22542
22584
22595
22647
22667
22669
22687
22697
22715
22811
22816
22817
22821
22824
22825
22827
22847
23064
23102
23126
23266
23270
23281
23285
23295
23296
23579
23725
23732
23741
23766
23895
23939
23940
24012
24036
24043
24058
24116
24200
24256
24420
24505
24512
24554
24641
24661
24678
24686
25040
25120
25408
25416
25657
25665
25693
25837
25864
25880
25888
25890
26035
26186
26331
26334
26338
26346
26353
26354
26360
26367
26368
26369
26375
26376
26380
26492
26685
26701
26714
26798
26808
26813
26825
26828
26831
26833
26991
27142
27167
27254
27267
27272
27285
27288
27292
27310
27603
27635
27730
27742
27766
27848
27869
28065
28119
28199
28592
28617
28659
28780
28844
28851
29096
29172
29229
29254
29257
29351
29386
29847
29856
29859
29869
29876
30069
30099
30223
30233
30239
30320
30326
30333
30342
30345
30349
30369
30379
30432
30477
30711
30803
30805
30806
30807
30810
30811
30813
30817
30819
30821
30826
30829
30845
30934
30995
31258
31260
31261
31274
31297
31301
31305
31307
31314
31455
31561
31617
31718
31744
31746
31751
31773
31881
32280
32289
32299
32322
32515
32527
32656
32714
32739
32870
33056
33088
33107
33641
33849
33866
33932
34019
34032
34046
34106
34160
34226
34234
34322
34333
34343
34346
34347
34361
34372
34502
34527
34572
34713
34803
34811
34813
34817
34819
34823
34828
34832
34836
34837
34839
34841
34998
35267
35278
35285
35287
35292
35539
35572
35719
35743
35748
35751
35770
35774
35776
35798
35979
36021
36057
36133
36262
36289
36315
36443
36551
36713
36722
36735
36837
36839
36969
37070
37412
37420
37423
37534
37582
37629
37855
37864
37888
37940
37993
37995
38223
38238
38324
38332
38336
38340
38344
38351
38363
38373
38495
38605
38676
38798
38802
38805
38817
38818
38827
38910
38960
39144
39164
39270
39274
39276
39281
39284
39292
39367
39380
39586
39734
39740
39750
39782
39815
39908
