5
62
141
256
262
273
274
279
328
370
408
428
509
560
752
777
780
784
787
792
800
1015
1072
1147
1175
1276
1277
1281
1294
1305
1310
1544
1757
1760
1765
1771
1777
1778
1780
1795
1978
2277
2283
2293
2307
2309
2312
2357
2765
3058
3273
3372
3434
3497
3624
3657
3667
3710
3916
3919
3957
3958
3968
4037
4060
4133
4140
4255
4263
4268
4269
4287
4310
4432
4758
4773
4776
5071
5271
5274
5275
5280
5282
5286
5289
5297
5304
5480
5664
5767
5772
5780
5784
5785
5795
5911
5942
6023
6132
6259
6291
6309
6774
6827
6868
6927
6974
7044
7073
7129
7553
7907
8033
8129
8155
8263
8319
8353
8557
8665
8768
8773
8781
8783
8784
8785
8787
8796
8800
8959
9068
9083
9167
9255
9257
9267
9274
9280
9290
9294
9295
9303
9306
9456
9475
9573
9616
9768
9775
9778
9786
9795
9801
9804
9921
9933
9960
9969
10032
10272
10293
10306
10323
10775
10791
10824
10850
10851
10865
10896
10903
11184
11379
11385
11445
11648
11658
11665
11714
11747
12024
12139
12280
12294
12299
12309
12358
12377
12633
12637
12776
12777
12781
12785
12797
12951
12970
13138
13164
13170
13176
13266
13267
13269
13272
13275
13278
13283
13293
13295
13301
13302
13434
13495
13616
13770
13775
13782
13788
13791
13807
13948
14004
14044
14045
14112
14130
14134
14260
14278
14292
14336
14342
14465
14523
14574
14769
14777
14803
14822
15139
15201
15213
15396
15569
15689
15715
15996
16255
16258
16278
16281
16284
16291
16327
16421
16489
16518
16659
16667
16769
16783
16784
16801
16805
16821
16887
16910
16957
17135
17169
17179
17252
17255
17277
17279
17280
17288
17293
17300
17304
17476
17642
17777
17783
17785
17795
17805
18102
18265
18277
18291
18309
18383
18564
18633
18772
18937
19181
19195
19408
19420
19435
19544
19561
19600
19704
20085
20119
20255
20262
20291
20512
20538
20544
20633
20764
20770
20772
20785
20792
20798
20800
20803
20930
21160
21261
21262
21263
21272
21274
21276
21283
21284
21285
21295
21300
21302
21437
21620
21653
21763
21794
21801
21808
21939
22077
22084
22266
22297
22348
22428
22774
22836
22898
23015
23046
23210
23244
23262
23376
23408
23547
23652
23690
23692
24355
24656
24760
24764
24770
24772
24778
24780
24783
24799
24917
24983
25021
25165
25169
25183
25258
25264
25269
25279
25282
25284
25302
25546
25554
25757
25771
25773
25774
25777
25780
25782
25788
25792
25802
25904
25989
26102
26135
26251
26265
26290
26296
26446
26562
26584
26753
26756
26827
26839
26843
27004
27006
27440
27453
27531
27668
27706
27709
27721
27942
28095
28129
28289
28303
28386
28504
28520
28606
28656
28659
28753
28771
28773
28775
28787
28791
28794
28805
28925
29093
29173
29255
29265
29270
29272
29274
29277
29282
29289
29298
29302
29303
29381
29468
29559
29575
29643
29666
29779
29781
29782
29783
29790
29795
29812
29813
29912
29969
30008
30068
30074
30146
30254
30282
30315
30336
30427
30436
30446
30457
30478
30510
30629
30646
30781
30805
30813
30822
30854
30856
30995
31130
31398
31654
31672
31693
32046
32277
32281
32283
32301
32360
32515
32670
32759
32761
32762
32783
32786
32815
33025
33253
33258
33260
33262
33267
33271
33273
33278
33279
33283
33288
33291
33292
33378
33422
33508
33568
33656
33661
33756
33764
33771
33781
33788
33792
33797
33798
33803
33875
33932
33959
34112
34269
34287
34292
34324
34326
34460
34773
34799
34804
35070
35143
35540
35588
35732
35878
36124
36160
36263
36297
36332
36364
36393
36464
36754
36761
36770
36775
36780
36792
36794
36966
37125
37135
37145
37254
37256
37269
37276
37277
37278
37281
37287
37288
37290
37298
37435
37642
37682
37758
37765
37778
37787
37789
37798
37799
37819
37913
37972
38043
38127
38274
38278
38292
38303
38368
38598
38759
38805
38848
38959
39055
39100
39242
39420
39549
39606
39712
39724
